time_limit_seconds=10 branching_rule=reliability warm_start=on parallel_mode=serial gpu_available=yes
instance                status              ours         reference   abs_error     nodes       LPs   seconds     cpu_s     CPU%      RSS_MB      GPU_MB    cuts     gcd    prop     rhs  best_bound       gap      warm   warm_fb  verdict
---------------------------------------------------------------------------------------------------------------------------------------------------------------------------------------------------
22433                  OPTIMAL             21477              21477 7.27595761418e-12         47       259     8.204     6.234   75.995       0.000     795.800 ->  795.800       0       0       0       021477.00000000 0.00000000        26         0  EXACT
23588               TIME_LIMIT    0.000000000000  8089.999999999998 0.000000000000         39       474    10.188     6.938   68.092       0.000     795.800 ->  795.800       0       0       0       07905.43293603        inf        36         0  MISMATCH
blend2              TIME_LIMIT    0.000000000000     7.598985000000 0.000000000000        460      1162    10.012     7.953   79.436       0.000     795.800 ->  795.800       0       0       0       0  7.36273942        inf       457         0  MISMATCH
bppc4-08            TIME_LIMIT    0.000000000000    53.000000000000 0.000000000000          3        88    10.001    12.469  124.676       0.000     795.800 ->  795.800       0       0       0       0 51.59000000        inf         0         0  MISMATCH
dcmulti             TIME_LIMIT209333.399956323934 188182.000000000000 21151.399956323934         33       367    10.029     5.875   58.578       0.000     795.800 ->  795.800       0       0       0       0187257.08598881 0.10545956        30         0  MISMATCH
enlight4            INFEASIBLE    0.000000000000     0.000000000000 0.000000000000        653       827     0.071     0.078  110.390       0.000     795.800 ->  795.800       0       0       6       0         inf        inf       645         0  EXACT
flugpl                 OPTIMAL1201500.000000000000 1201500.000000000000 0.000000000000       5233      5432     0.269     0.234   87.073       0.000     795.800 ->  795.800       0       0       0       01201500.00000000 0.00000000      5226         0  EXACT
gen-ip002           TIME_LIMIT-4762.787372600000 -4783.733392000000 20.946019400000      28243     28405    10.079     7.062   70.072       0.000     795.800 ->  795.800       0       0       0       0-4814.40763084 0.01083597     28240         0  MISMATCH
gen-ip054           TIME_LIMIT 6881.938141277999  6840.965641790000 40.972499488000      33661     34017    10.059     6.625   65.859       0.000     795.800 ->  795.800       0       0       0       06788.39149105 0.01359109     33658         0  MISMATCH
gr4x6                  OPTIMAL  202.350000000000   202.349999999998 0.000000000002        125       175     0.087     0.031   36.064       0.000     795.800 ->  795.800       0       0       0       0202.35000000 0.00000000        98         0  EXACT
gt2                    OPTIMAL21166.000000000000 21165.999999999782 0.000000000218      25675     13485     4.576     1.906   41.662       0.000     795.800 ->  795.800       0       0       0       021166.00000000 0.00000000     12834         0  EXACT
khb05250            TIME_LIMIT122024332.000000000000 106940225.999999895692 15084106.000000104308         30       285    10.034     5.453   54.347       0.000     795.800 ->  795.800       0       0       0       099722376.00000000 0.18276647        27         0  MISMATCH
mad                 TIME_LIMIT    0.000000000000     0.026800000000 0.000000000000      13125     14049    10.067     7.609   75.585       0.000     795.800 ->  795.800       0       0       0       0 -0.00000000        inf     13122         0  MISMATCH
markshare2          TIME_LIMIT  231.000000000000     1.000000000000 230.000000000000     120012    120278    10.080     8.641   85.717       0.000     795.800 ->  795.800       2       0       0       0  0.00000000 0.99568966    120008         0  MISMATCH
neos5               TIME_LIMIT   17.750000000000    15.000000000000 2.750000000000        115       547    10.039     8.797   87.623       0.000     795.800 ->  795.800       0       0       0       0 13.75000000 0.21333333        72        40  MISMATCH
neos859080          TIME_LIMIT    0.000000000000     0.000000000000 0.000000000000       3742      4422    10.005     6.594   65.905       0.000     795.800 ->  795.800       0       0       0       0  1.00000000        inf      3739         0  INCUMBENT_ONLY
noswot              TIME_LIMIT    0.000000000000   -41.000008850000 0.000000000000      10069     10732    10.011     5.781   57.751       0.000     795.800 ->  795.800       0       0       0       0-43.00000000        inf     10066         0  MISMATCH
p0201                  OPTIMAL 7615.000000000000  7614.999999999997 0.000000000003       1419      1634     9.643     5.875   60.925       0.000     795.800 ->  795.800       0       0       0       07615.00000000 0.00000000       711         0  EXACT
pk1                 TIME_LIMIT   44.000000000000    11.000000000000 33.000000000000      17601     17849    10.015     8.859   88.464       0.000     795.800 ->  795.800       0       0       0       0  4.19527799 0.88454938     17598         0  MISMATCH

Exact reference matches: 6/19
Optimal-objective incumbent matches: 5/19
Certified solver results: 6/19
Time/node-limit results: 13/19
Mismatches or non-exact results: 13/19
