time_limit_seconds=10 branching_rule=pseudocost warm_start=on parallel_mode=auto repetitions=1 gpu_available=yes
instance                status              ours         reference   abs_error     nodes       LPs   seconds     cpu_s     CPU%      RSS_MB      GPU_MB    cuts     gcd    prop     rhs  best_bound       gap      warm   warm_fb  verdict
---------------------------------------------------------------------------------------------------------------------------------------------------------------------------------------------------
22433                  OPTIMAL             21477              21477 1.09139364213e-11         59        93     0.786     0.750   95.475     113.547     795.800 ->  795.800       0       0       0       021477.00000000 0.00000000        44         0  EXACT
23588                  OPTIMAL 8090.000000000000  8089.999999999998 0.000000000002       3321      2378     3.471     3.312   95.444     116.820     795.800 ->  795.800       0       0       0       08090.00000000 0.00000000      2246         0  EXACT
blend2              TIME_LIMIT   10.076704000000     7.598985000000 2.477719000000       6457      6585    10.007     9.500   94.929     129.473     795.800 ->  795.800       0       0       0       0  7.39034034 0.24252374      6453         1  MISMATCH
bppc4-08            TIME_LIMIT    0.000000000000    53.000000000000 0.000000000000          9       203    10.067    24.359  241.980     129.473     795.800 ->  795.800       0       0       0       0 51.59000000        inf         6         0  MISMATCH
dcmulti                OPTIMAL188182.000000000000 188182.000000000000 0.000000000000       8349      5661     5.335     5.188   97.237     129.473     795.800 ->  795.800       0       0       0       0188182.00000000 0.00000000      5568         0  EXACT
enlight4            INFEASIBLE    0.000000000000     0.000000000000 0.000000000000        689       743     0.045     0.047  103.454     129.473     795.800 ->  795.800       0       0       2       0         inf        inf       685         0  EXACT
flugpl                 OPTIMAL1201500.000000000000 1201500.000000000000 0.000000000000       5875      5893     0.256     0.250   97.550     129.473     795.800 ->  795.800       0       0       0       01201500.00000000 0.00000000      5746         0  EXACT
gen-ip002           TIME_LIMIT-4770.866342600000 -4783.733392000000 12.867049400000      45435     45435    10.042     9.906   98.650     141.387     795.800 ->  795.800       0       0       0       0-4814.21392715 0.00908399     45431         1  MISMATCH
gen-ip054           TIME_LIMIT 6858.262906057999  6840.965641790000 17.297264268000      55221     55461    10.040     9.656   96.176     147.285     795.800 ->  795.800       0       0       0       06788.01641784 0.01024111     55218         0  MISMATCH
gr4x6                  OPTIMAL  202.350000000000   202.349999999998 0.000000000002        115        97     0.011     0.000    0.000     147.285     795.800 ->  795.800       0       0       0       0202.35000000 0.00000000        82         0  EXACT
gt2                 TIME_LIMIT    0.000000000000 21165.999999999782 0.000000000000      78444     78687    10.078     8.953   88.837     167.629     795.800 ->  795.800       0       0       0       018483.14993328        inf     78441         0  MISMATCH
khb05250               OPTIMAL106940226.000000000000 106940225.999999895692 0.000000104308       7347      4032     2.461     2.344   95.251     167.629     795.800 ->  795.800       0       0       0       0106940226.00000000 0.00000000      4014         0  EXACT
mad                 TIME_LIMIT    0.000000000000     0.026800000000 0.000000000000      20477     20637    10.015     9.438   94.233     167.629     795.800 ->  795.800       0       0       0       0 -0.00000000        inf     20474         0  MISMATCH
markshare2          TIME_LIMIT  231.000000000000     1.000000000000 230.000000000000     133354    133386    10.090     9.797   97.090     179.215     795.800 ->  795.800       2       0       0       0  0.00000000 0.99568966    133349         1  MISMATCH
neos5               TIME_LIMIT   16.625000000000    15.000000000000 1.625000000000        238       462    10.000     9.641   96.402     179.215     795.800 ->  795.800       0       0       0       0 13.68750000 0.16666667       186        49  MISMATCH
neos859080          INFEASIBLE    0.000000000000     0.000000000000 0.000000000000        255       395     0.696     0.672   96.541     179.215     795.800 ->  795.800       0       0       0       0         inf        inf       252         0  EXACT
noswot              TIME_LIMIT    0.000000000000   -41.000008850000 0.000000000000      27618     27851    10.022     9.766   97.446     179.215     795.800 ->  795.800       0       0       0       0-43.00000000        inf     27614         1  MISMATCH
p0201                  OPTIMAL 7615.000000000000  7614.999999999997 0.000000000003       3277      1868     2.849     2.750   96.539     179.215     795.800 ->  795.800       0       0       0       07615.00000000 0.00000000      1641         0  EXACT
pk1                 TIME_LIMIT   44.000000000000    11.000000000000 33.000000000000      22170     22201    10.016     9.797   97.812     179.215     795.800 ->  795.800       0       0       0       0  4.89965366 0.86889659     22166         0  MISMATCH

Exact reference matches: 9/19
Optimal-objective incumbent matches: 7/19
Certified solver results: 9/19
Time/node-limit results: 10/19
Mismatches or non-exact results: 10/19
