time_limit_seconds=10 branching_rule=pseudocost warm_start=on parallel_mode=serial repetitions=1 gmi=off warm_basis_cap=50000 rens=off coefficient_rounding=off feasibility_pump=off rounding=on fp_weight=0 gpu_available=yes
instance                status              ours         reference   abs_error     nodes       LPs   seconds     cpu_s     CPU%      RSS_MB      GPU_MB    cuts    coef      fp     gcd    prop     rhs  best_bound       gap      warm   warm_fb  warm_cap  verdict
---------------------------------------------------------------------------------------------------------------------------------------------------------------------------------------------------
22433                  OPTIMAL             21477              21477 1.09139364213e-11         59        93     1.310     1.297   98.965     112.676     795.800 ->  795.800       0       0       0       0       0       021477.00000000 0.00000000        44         0         0  EXACT
23588                  OPTIMAL 8090.000000000000  8089.999999999998 0.000000000002       3321      2378     6.925     6.641   95.896     115.953     795.800 ->  795.800       0       0       0       0       0       08090.00000000 0.00000000      2246         0         0  EXACT
blend2              TIME_LIMIT   10.076704000000     7.598985000000 2.477719000000       5523      5651    10.005     9.281   92.764     194.988     795.800 ->  795.800       0       0       0       0       0       0  7.37405619 0.24399386      5519         1         0  MISMATCH
bppc4-08            TIME_LIMIT    0.000000000000    53.000000000000 0.000000000000          5       137    10.023    27.812  277.476     194.988     795.800 ->  795.800       0       0       0       0       0       0 51.59000000        inf         2         0         0  MISMATCH
dcmulti                OPTIMAL188182.000000000000 188182.000000000000 0.000000000000       8349      5661     5.977     5.562   93.073     194.988     795.800 ->  795.800       0       0       0       0       0       0188182.00000000 0.00000000      5568         0         0  EXACT
enlight4            INFEASIBLE    0.000000000000     0.000000000000 0.000000000000        689       743     0.059     0.062  105.164     194.988     795.800 ->  795.800       0       0       0       0       2       0         inf        inf       685         0         0  EXACT
flugpl                 OPTIMAL1201500.000000000000 1201500.000000000000 0.000000000000       5875      5893     0.299     0.281   94.221     194.988     795.800 ->  795.800       0       0       0       0       0       01201500.00000000 0.00000000      5746         0         0  EXACT
gen-ip002           TIME_LIMIT-4770.031042500001 -4783.733392000000 13.702349499999      34106     34106    10.028     9.125   90.992     202.141     795.800 ->  795.800       0       0       0       0       0       0-4815.45747167 0.00952130     34103         0         0  MISMATCH
gen-ip054           TIME_LIMIT 6858.262906057999  6840.965641790000 17.297264268000      41224     41464    10.038     9.375   93.394     206.793     795.800 ->  795.800       0       0       0       0       0       06786.88307455 0.01040634     41221         0         0  MISMATCH
gr4x6                  OPTIMAL  202.350000000000   202.349999999998 0.000000000002        115        97     0.017     0.016   90.135     206.793     795.800 ->  795.800       0       0       0       0       0       0202.35000000 0.00000000        82         0         0  EXACT
gt2                 TIME_LIMIT    0.000000000000 21165.999999999782 0.000000000000      59465     59708    10.050     9.359   93.132     219.145     795.800 ->  795.800       0       0       0       0       0       018483.14993328        inf     55725         0     13201  MISMATCH
khb05250               OPTIMAL106940226.000000000000 106940225.999999895692 0.000000104308       7347      4032     2.549     2.406   94.392     219.145     795.800 ->  795.800       0       0       0       0       0       0106940226.00000000 0.00000000      4014         0         0  EXACT
mad                 TIME_LIMIT    0.000000000000     0.026800000000 0.000000000000      16390     16550    10.014     9.344   93.311     219.145     795.800 ->  795.800       0       0       0       0       0       0 -0.00000000        inf     16386         1         0  MISMATCH
markshare2          TIME_LIMIT  189.000000000000     1.000000000000 188.000000000000     105406    105406    10.061     9.141   90.856     227.133     795.800 ->  795.800       2       0       0       0       0       0  0.00000000 0.99473684    102699         0     58107  MISMATCH
neos5               TIME_LIMIT   16.625000000000    15.000000000000 1.625000000000        147       371    10.007     9.531   95.245     227.133     795.800 ->  795.800       0       0       0       0       0       0 13.54166667 0.17494090       104        40         0  MISMATCH
neos859080          INFEASIBLE    0.000000000000     0.000000000000 0.000000000000        255       395     0.826     0.812   98.418     227.133     795.800 ->  795.800       0       0       0       0       0       0         inf        inf       252         0         0  EXACT
noswot              TIME_LIMIT    0.000000000000   -41.000008850000 0.000000000000      21047     21280    10.018     9.375   93.581     227.133     795.800 ->  795.800       0       0       0       0       0       0-43.00000000        inf     21044         0         0  MISMATCH
p0201                  OPTIMAL 7615.000000000000  7614.999999999997 0.000000000003       3277      1868     3.694     3.422   92.621     227.133     795.800 ->  795.800       0       0       0       0       0       07615.00000000 0.00000000      1641         0         0  EXACT
pk1                 TIME_LIMIT   44.000000000000    11.000000000000 33.000000000000      17304     17336    10.013     9.375   93.624     227.133     795.800 ->  795.800       0       0       0       0       0       0  4.47442509 0.87834611     17301         0         0  MISMATCH

Exact reference matches: 9/19
Optimal-objective incumbent matches: 7/19
Certified solver results: 9/19
Time/node-limit results: 10/19
Mismatches or non-exact results: 10/19
