time_limit_seconds=10 branching_rule=pseudocost warm_start=on parallel_mode=serial repetitions=2 gpu_available=yes
instance                status              ours         reference   abs_error     nodes       LPs   seconds     cpu_s     CPU%      RSS_MB      GPU_MB    cuts     gcd    prop     rhs  best_bound       gap      warm   warm_fb  verdict
---------------------------------------------------------------------------------------------------------------------------------------------------------------------------------------------------
22433                  OPTIMAL             21477              21477 1.09139364213e-11         59        93     2.902     2.359   81.296     114.555     795.800 ->  795.800       0       0       0       021477.00000000 0.00000000        44         0  EXACT
23588                  OPTIMAL 8090.000000000000  8089.999999999998 0.000000000002       3321      2378     8.854     7.500   84.709     185.883     795.800 ->  795.800       0       0       0       08090.00000000 0.00000000      2246         0  EXACT
blend2              TIME_LIMIT   10.076704000000     7.598985000000 2.477719000000       4649      4777    10.009     8.719   87.108     195.414     795.800 ->  795.800       0       0       0       0  7.36204451 0.24507827      4645         1  MISMATCH
bppc4-08            TIME_LIMIT    0.000000000000    53.000000000000 0.000000000000          4       110    10.115    20.469  202.361     195.414     795.800 ->  795.800       0       0       0       0 51.59000000        inf         1         0  MISMATCH
dcmulti                OPTIMAL188182.000000000000 188182.000000000000 0.000000000000       8349      5661     6.917     6.000   86.749     195.414     795.800 ->  795.800       0       0       0       0188182.00000000 0.00000000      5568         0  EXACT
enlight4            INFEASIBLE    0.000000000000     0.000000000000 0.000000000000        689       743     0.061     0.062  103.109     195.414     795.800 ->  795.800       0       0       2       0         inf        inf       685         0  EXACT
flugpl                 OPTIMAL1201500.000000000000 1201500.000000000000 0.000000000000       5875      5893     0.375     0.297   79.078     195.414     795.800 ->  795.800       0       0       0       01201500.00000000 0.00000000      5746         0  EXACT
gen-ip002           TIME_LIMIT-4769.740588800000 -4783.733392000000 13.992803200000      31422     31422    10.041     8.188   81.542     202.062     795.800 ->  795.800       0       0       0       0-4815.80955792 0.00965657     31419         0  MISMATCH
gen-ip054           TIME_LIMIT 6858.262906057999  6840.965641790000 17.297264268000      40018     40258    10.037     8.953   89.199     207.715     795.800 ->  795.800       0       0       0       06786.77070678 0.01042272     40015         0  MISMATCH
gr4x6                  OPTIMAL  202.350000000000   202.349999999998 0.000000000002        115        97     0.015     0.016  107.087     207.715     795.800 ->  795.800       0       0       0       0202.35000000 0.00000000        82         0  EXACT
gt2                 TIME_LIMIT    0.000000000000 21165.999999999782 0.000000000000      62651     62894    10.054     9.266   92.158     225.324     795.800 ->  795.800       0       0       0       018483.14993328        inf     62648         0  MISMATCH
khb05250               OPTIMAL106940226.000000000000 106940225.999999895692 0.000000104308       7347      4032     2.784     2.531   90.920     225.324     795.800 ->  795.800       0       0       0       0106940226.00000000 0.00000000      4014         0  EXACT
mad                 TIME_LIMIT    0.000000000000     0.026800000000 0.000000000000      15724     15884    10.015     8.578   85.653     225.324     795.800 ->  795.800       0       0       0       0 -0.00000000        inf     15721         0  MISMATCH
markshare2          TIME_LIMIT  231.000000000000     1.000000000000 230.000000000000     112923    112955    10.092     9.422   93.357     237.051     795.800 ->  795.800       2       0       0       0  0.00000000 0.99568966    112919         0  MISMATCH
neos5               TIME_LIMIT   16.625000000000    15.000000000000 1.625000000000        103       327    10.121     9.031   89.237     237.051     795.800 ->  795.800       0       0       0       0 13.43750000 0.18085106        71        29  MISMATCH
neos859080          INFEASIBLE    0.000000000000     0.000000000000 0.000000000000        255       395     1.216     0.875   71.968     237.051     795.800 ->  795.800       0       0       0       0         inf        inf       252         0  EXACT
noswot              TIME_LIMIT    0.000000000000   -41.000008850000 0.000000000000      20084     20317    10.018     8.422   84.067     237.051     795.800 ->  795.800       0       0       0       0-43.00000000        inf     20081         0  MISMATCH
p0201                  OPTIMAL 7615.000000000000  7614.999999999997 0.000000000003       3277      1868     5.556     3.359   60.461     237.051     795.800 ->  795.800       0       0       0       07615.00000000 0.00000000      1641         0  EXACT
pk1                 TIME_LIMIT   44.000000000000    11.000000000000 33.000000000000      14438     14470    10.017     8.344   83.293     237.051     795.800 ->  795.800       0       0       0       0  4.16162528 0.88529722     14435         0  MISMATCH

Exact reference matches: 9/19
Optimal-objective incumbent matches: 7/19
Certified solver results: 9/19
Time/node-limit results: 10/19
Mismatches or non-exact results: 10/19
